id;firstname;lastname;address;email;phone
1;Organic best-of-breed alarm;Division Dynamic;calculating;Elvera95@gmail.com;769.030.1734
2;Principal enable optimize;Maine PCI;service-desk;Lyla0@gmail.com;1-414-350-5735
3;Configuration paradigms;bus magnetic;Borders Kids tertiary;Queenie74@yahoo.com;(093) 605-1774 x3005
4;CFA Franc BEAC Pa'anga;District benchmark bandwidth;Central;Llewellyn23@yahoo.com;1-363-789-2134 x861
5;Tools;Iranian Rial Assistant;Adaptive Borders Afghanistan;Trever_Littel88@hotmail.com;(026) 009-1147
6;generate UAE Dirham Berkshire;payment Soap panel;USB;Laney.Turner@yahoo.com;1-743-535-7847 x74951
7;Rubber redefine;Money Market Account Senegal Innovative;transitional Investment Account Alaska;Marquis_Kihn@yahoo.com;(929) 128-7260 x1882
8;white;mindshare payment Licensed Granite Soap;Alaska Rubber PNG;Rita.Lind@yahoo.com;717.421.6329 x75722
9;Dynamic;Comoros Quetzal Pennsylvania;Developer Myanmar Frozen;Kaya.Heaney@yahoo.com;1-214-840-7968 x1458
10;action-items Checking Account;International Marshall Islands Industrial;robust Court iterate;Marianne_Tromp@yahoo.com;100.967.9178 x94346
